Two-year	0.21996644	0.81530941	32600	0.06582132	70000
Four-year	0.10383223	0.45176059	30300	0.080397427	81800
Two-year	0.16500017	0.40182704	26900	0.072166741	46900
Four-year	0.11882347	0.43632939	33500	0.036798716	73800
Two-year	0.12954125	0.472462	39300	0.14764173	88900
Four-year	0.13087822	0.34840989	33600	0.092331715	85100
Four-year	0.062944114	0.59838897	81600	0.4873172	149200
Four-year	0.074211359	0.22881895	35500	0.21229878	50000
Four-year	0.14390327	0.81902176	42000	0.25419873	86800
Less than Two-year	0.26358104	0.40451708	18800	0	52200
Less than Two-year	0.14042774	0.2384682	23500	0.001177648	43400
Two-year	0.11823104	0.60494626	26600	0.059858631	41100
Two-year	0.099941365	0.45923328	44800	0.23239635	62900
Four-year	0.078051731	0.6006999	95300	0.50391167	196000
Two-year	0.15095402	0.53165483	35300	0.12163906	66900
Four-year	0.075913131	0.56921661	39600	0.28479484	65400
Two-year	0.11500232	0.42910743	41000	0.18585399	101100
Four-year	0.078531079	0.69025499	43500	0.23048796	91300
Four-year	0.1108181	0.54939586	35300	0.12419474	59000
Two-year	0.12949137	0.39421958	32900	0.15581796	27400
Two-year	0.17501472	0.43287462	33300	0.1175501	66600
Four-year	0.15075907	0.72969699	43700	0.13238475	95900
Four-year	0.15104961	0.5878588	36400	0.20677118	58400
Four-year	0.13831177	0.48098892	30700	0.08412838	93900
Four-year	0.12052215	0.47583985	27800	0.095885091	104100
Four-year	0.081905626	0.58718365	51200	0.27958611	92700
Four-year	0.13975821	0.72245246	40200	0.17410316	81800
Four-year	0.094820604	0.58523548	39200	0.17914543	70500
Four-year	0.072629608	0.49549633	71400	0.6263895	94800
Four-year	0.13323189	0.41283527	34100	0.1959132	119300
Four-year	0.056929704	0.71230143	55800	0.31143436	114000
Two-year	0.10535993	0.55694216	31500	0.05785526	66600
Two-year	0.1052202	0.51787478	29700	0.068409599	54200
Four-year	0.092774801	0.54553699	55000	0.37433442	96300
Four-year	0.039172381	0.69364899	85600	0.74689376	100100
Four-year	0.22248484	0.79703969	41900	0.16843842	91300
Four-year	0.10853016	0.6281969	35600	0.17457345	68500
Two-year	0.13375293	0.45178083	42800	0.25972122	86200
Four-year	0.10210544	0.55987275	43100	0.22297192	78900
Two-year	0.12787178	0.48717356	37500	0.15633656	75400
Four-year	0.2119405	0.32610452	26700	0.043277983	71200
Four-year	0.13521495	0.82354099	37900	0.17305252	81400
Four-year	0.1038777	0.59773177	38800	0.06137063	88600
Four-year	0.077138484	0.67057979	39600	0.12767319	80100
Four-year	0.075753063	0.28377649	36400	0.15756986	52600
Four-year	0.11701069	0.62534988	47300	0.28117836	80500
Four-year	0.1633302	0.6098212	35100	0.026952447	60300
Four-year	0.096472777	0.70417225	48100	0.25292572	92900
Two-year	0.15154007	0.42608756	25200	0.058026101	35800
Four-year	0.11210619	0.47148463	42400	0.2978377	101600
Four-year	0.095055662	0.57260406	61600	0.42036188	100800
Four-year	0.098590568	0.52143162	39700	0.2219535	45000
Two-year	0.15798107	0.41742578	28700	0.10472322	44300
Four-year	0.087518394	0.60840291	41000	0.16576563	73800
Four-year	0.034395769	0.43178764	80000	0.31228262	95200
Four-year	0.10745576	0.4250845	31600	0.08637023	72300
Four-year	0.093802497	0.47870165	36500	0.12692384	71700
Four-year	0.063559085	0.66906774	60100	0.47852004	109600
Two-year	0.16744246	0.50142699	28800	0.1076107	44200
Two-year	0.12057526	0.47219369	35000	0.09350168	65500
Four-year	0.077375874	0.5417853	89700	0.66062188	124500
Four-year	0.078930348	0.6373328	83700	0.58039922	159900
Two-year	0.15273741	0.53113055	34800	0.17613864	53100
Four-year	0.14861624	0.76064676	37000	0.38822138	74000
Two-year	0.14751473	0.21788596	33700	0.14355651	29700
Four-year	0.061009139	0.70731086	49600	0.32127139	101300
Four-year	0.04931419	0.63416588	68100	0.48158756	92400
Four-year	0.11762629	0.53932971	37700	0.18609446	76000
Four-year	0.11309198	0.36969981	28400	0.10258131	88800
Four-year	0.091611981	0.4903383	46200	0.25357273	35400
Four-year	0.08607275	0.67481667	40200	0.23420441	86900
Two-year	0.12225816	0.57330471	30200	0.063340612	55300
Two-year	0.088497564	0.58858949	31900	0.075057372	56600
Four-year	0.1470947	0.17339855	25800	0.083288878	29100
Four-year	0.10060305	0.65144235	49700	0.32608727	93400
Four-year	0.14176947	0.43848246	32300	0.11358955	62400
Four-year	0.12657526	0.6617381	36200	0.25175017	77300
Two-year	0.16746353	0.48782909	29300	0.061893057	50100
Four-year	0.12321953	0.73882031	41900	0.23477527	92700
Two-year	0.15879583	0.41265777	34200	0.14537412	66500
Four-year	0.052665595	0.58296639	86900	0.64620745	114200
Two-year	0.12599058	0.57550788	32500	0.093668535	74300
Four-year	0.14049253	0.49606222	32300	0.098240532	56700
Two-year	0.12455329	0.4639703	33800	0.098124973	62800
Four-year	0.12387419	0.42077962	42700	0.2299525	69500
Four-year	0.094588682	0.57308966	42000	0.25555241	78700
Four-year	0.067437053	0.56418443	55900	0.4246465	95300
Four-year	0.11727801	0.38337278	49500	0.35636646	49800
Four-year	0.083585449	0.66737461	43100	0.21304132	105700
Four-year	0.093555547	0.59289235	46700	0.21485953	86700
Two-year	0.17379197	0.4585042	37700	0.18435742	58000
Four-year	0.077226691	0.59854478	43000	0.19285922	73400
Two-year	0.13760188	0.38438308	34200	0.19090241	82900
Four-year	0.075658791	0.65682054	40800	0.1924337	71800
Four-year	0.078406096	0.5659492	54900	0.52945465	152000
Four-year	0.089500047	0.77741343	40700	0.26808372	75300
Two-year	0.091104612	0.61501205	33100	0.087472193	64200
Four-year	0.069825172	0.60241026	51300	0.32132876	99100
Two-year	0.08861161	0.54047382	39800	0.12733775	72300
Two-year	0.13655819	0.42155856	37000	0.14617175	80800
Four-year	0.076121062	0.6468268	52000	0.29743156	103000
Four-year	0.11306878	0.58075023	35400	0.096129663	66000
Four-year	0.083367601	0.61055648	65000	0.38898668	147100
Four-year	0.093194023	0.61110085	49100	0.33458623	108100
Four-year	0.071720138	0.55927777	43500	0.23015651	66300
Two-year	0.12119249	0.44232777	36400	0.089702345	76200
Four-year	0.051578771	0.67169541	58500	0.4253948	120100
Four-year	0.16835982	0.44216874	38100	0.13294758	84100
Two-year	0.1506042	0.51651061	32300	0.11472678	58900
Two-year	0.12109449	0.52790791	36400	0.1460851	91100
Two-year	0.092181958	0.58021468	36200	0.11162073	74500
Four-year	0.16363136	0.54182345	32100	0.065168165	54700
Four-year	0.087476335	0.46412954	35400	0.07770896	77200
Two-year	0.14067915	0.27714461	19500	0.025647487	33600
Four-year	0.084864073	0.64077163	42900	0.22962229	99000
Four-year	0.071828879	0.66091794	58400	0.40253019	112900
Four-year	0.14315346	0.33839619	33700	0.124337	68000
Four-year	0.10736018	0.68741113	45200	0.31020376	95400
Two-year	0.12250118	0.43625298	29200	0.041656248	57600
Two-year	0.12874135	0.39548439	32200	0.069943443	61900
Two-year	0.13459361	0.5087713	37900	0.13604297	76500
Four-year	0.20103459	0.86619222	30300	0.13685821	91100
Four-year	0.11007116	0.63860941	48300	0.28875419	72300
Two-year	0.16034321	0.49389261	38000	0.17672206	73500
Four-year	0.10315985	0.65127045	39100	0.17036343	79800
Four-year	0.18591337	0.79610622	34500	0.20708139	78900
Four-year	0.093714476	0.57990736	51500	0.31888157	88700
Four-year	0.1485799	0.73715872	49700	0.30775073	130900
Four-year	0.1113243	0.66084617	40400	0.20565112	84000
Two-year	0.12408897	0.46148774	32100	0.069427848	60400
Four-year	0.073206194	0.66536272	51000	0.2978656	91600
Four-year	0.060637128	0.67371345	63500	0.41631222	124800
Four-year	0.10649522	0.19444919	38900	0.18507406	54500
Four-year	0.20502073	0.31151673	33000	0.15920615	109600
Two-year	0.20622066	0.57391232	28600	0.068481028	44900
Four-year	0.076534927	0.55965865	70100	0.53978479	104400
Four-year	0.19403619	0.75396061	40800	0.18627639	85500
Two-year	0.12440427	0.51668769	31600	0.061690398	61300
Two-year	0.13120215	0.48565707	40900	0.19617638	91100
Four-year	0.12495596	0.69645548	40100	0.16293009	86300
Four-year	0.10585229	0.52949655	32800	0.1312511	74500
Two-year	0.12506598	0.47273231	34500	0.096843734	70400
Two-year	0.087910838	0.53963584	56400	0.003062395	75600
Four-year	0.10692246	0.42994827	37300	0.098721996	63100
Four-year	0.074727498	0.49907449	58300	0.56508553	140400
Four-year	0.091521993	0.5076192	59600	0.45770481	80200
Four-year	0.092388719	0.64001471	39000	0.37757084	99700
Four-year	0.065106913	0.65585172	59200	0.41347483	104000
Two-year	0.14554074	0.47396234	29400	0.028080482	53000
Four-year	0.094091162	0.65178537	41800	0.19804944	116700
Four-year	0.088387467	0.63090479	39500	0.22806722	60700
Two-year	0.15705432	0.32924742	34000	0.14326668	41400
Two-year	0.15474617	0.54723644	34400	0.11462402	71900
Four-year	0.073722407	0.6750263	43900	0.2948803	57800
Two-year	0.12544525	0.39721403	35000	0.10864457	70700
Four-year	0.069389641	0.58825362	58300	0.31393677	95100
Two-year	0.073368952	0.60274345	37300	0.15620634	70900
Four-year	0.070199944	0.72922248	55000	0.47039306	83700
Four-year	0.10787864	0.58139205	30900	0.038269263	49400
Four-year	0.074408285	0.65256411	81800	0.4560827	85300
Two-year	0.15246552	0.41951919	35800	0.15418597	80500
Two-year	0.12890013	0.36174673	36500	0.15256782	46500
Two-year	0.12999424	0.57902139	33100	0.13293253	52100
Four-year	0.054249607	0.71686924	49500	0.34390393	92700
Two-year	0.16192284	0.50643587	38000	0.19683868	50000
Four-year	0.088261746	0.59900403	44200	0.19721116	106500
Four-year	0.16439375	0.52826023	37300	0.10132466	75700
Two-year	0.1014861	0.41571927	32500	0.072178237	56700
Two-year	0.14578484	0.29293981	30200	0.071751289	42800
Four-year	0.079602167	0.63694984	47900	0.29114985	112200
Four-year	0.10549294	0.46367347	33500	0	95300
Two-year	0.16685601	0.3412993	35400	0.17234071	44600
Four-year	0.14358	0.59015089	34400	0.083491348	60300
Four-year	0.1347615	0.36819476	38200	0.23605846	117900
Two-year	0.11721273	0.48764721	33700	0.094420128	68400
Four-year	0.08032614	0.68194026	56100	0.3784273	120200
Four-year	0.066269442	0.66637415	68200	0.46681935	98700
Four-year	0.12131184	0.69550425	39200	0.12325122	71600
Four-year	0.13121608	0.32198945	39200	0.17562686	52700
Four-year	0.059008088	0.68875158	52700	0.34541002	80200
Four-year	0.081481747	0.544034	85300	0.53203964	134400
Four-year	0.068033375	0.54061365	65600	0.47367033	108300
Four-year	0.16806634	0.47361469	49200	0.2570464	76000
Four-year	0.063799098	0.58458394	41400	0.22335519	75500
Two-year	0.10965821	0.56324011	32100	0.092420556	63200
Two-year	0.13565312	0.32883319	33200	0.12035832	47200
Less than Two-year	0.14914258	0.30883443	27800	0.0419279	65800
Two-year	0.079974294	0.61479151	37000	0.086416051	67600
Four-year	0.049698465	0.64980233	53300	0.38024122	89900
Two-year	0.16359998	0.291596	29600	0.09003298	36400
Four-year	0.070121169	0.59219152	48700	0.37753186	108400
Four-year	0.11009079	0.2838347	40600	0.23638399	33500
Two-year	0.18610872	0.32525873	23300	0.055754106	36100
Four-year	0.099866651	0.64237285	45400	0.23754057	86600
Two-year	0.18039362	0.33135593	22700	0.026777739	30200
Four-year	0.089089513	0.62836319	40600	0.13912766	75500
Less than Two-year	0.19930874	0.36987647	21900	0	49200
Four-year	0.061793774	0.64431745	45800	0.25249612	94300
Less than Two-year	0.14256103	0.26827091	26100	0.097010195	27900
Two-year	0.12618622	0.48660848	29500	0.055417202	48800
Two-year	0.10942554	0.4494226	39000	0.15582024	74200
Four-year	0.08612521	0.61031872	38700	0.15790118	88000
Two-year	0.1821547	0.56152076	27100	0.020711908	65000
Four-year	0.13655598	0.70462656	36700	0.10357448	53800
Four-year	0.08845035	0.6471647	40500	0.10906697	75500
Two-year	0.14052245	0.39309791	36400	0.13729364	78300
Four-year	0.1100345	0.62427807	58600	0.37920541	104500
Four-year	0.053721521	0.82188666	43600	0.20873478	78600
Four-year	0.12612016	0.48560932	30500	0.089343667	64400
Four-year	0.12532501	0.55898976	39600	0.12412783	90600
Two-year	0.19766657	0.40532565	17500	0.061545223	35700
Four-year	0.10017971	0.59366995	40000	0.17062111	89100
Four-year	0.12716109	0.68581057	33900	0.1849605	49200
Four-year	0.07973586	0.66679204	54300	0.32432073	122100
Four-year	0.089193642	0.63539433	51000	0.30658579	110600
Four-year	0.12341484	0.74982899	34800	0.22187859	71800
Two-year	0.13365641	0.53731084	32900	0.090368375	64000
Two-year	0.16384514	0.45758101	39800	0.16967331	88200
Four-year	0.066766694	0.61028093	52200	0.35203153	119100
Two-year	0.11111147	0.4211888	42800	0.1568712	74600
Four-year	0.072415575	0.55138421	84200	0.57303077	199700
Four-year	0.12053148	0.70850742	39600	0.13535394	88400
Two-year	0.13853866	0.56207031	36200	0.11394878	84800
Four-year	0.099816665	0.61592591	49300	0.27310541	83200
Four-year	0.2292151	0.69340795	39300	0.17000711	102500
Two-year	0.082858883	0.58647311	35300	0.091698922	74600
Four-year	0.090043344	0.55356848	54300	0.42719781	99600
Four-year	0.15016513	0.44186538	35600	0.16269442	96100
Two-year	0.11927651	0.42295858	40800	0.17739049	78900
Two-year	0.14675993	0.517636	32700	0.11358315	51100
Two-year	0.15854913	0.43360728	29900	0.065973751	54500
Two-year	0.12839872	0.48828775	31900	0.089150235	38600
Two-year	0.13428621	0.27818215	25000	0.061111405	30100
Two-year	0.15472214	0.50975567	32700	0.099499933	53200
Four-year	0.10276026	0.50929028	62200	0.45875201	131800
Four-year	0.083517589	0.57052082	52900	0.52419454	110800
Four-year	0.1266741	0.4686285	35800	0.25537232	81800
Four-year	0.078455023	0.68457133	42300	0.20385541	87900
Four-year	0.11192802	0.50633097	38500	0.15617856	77600
Two-year	0.15759003	0.35011157	38500	0.20115633	42200
Four-year	0.075561024	0.75761187	46600	0.26594561	87700
Two-year	0.15785317	0.23214878	27500	0.059521224	35200
Four-year	0.064946473	0.60263324	59700	0.42130095	114500
Two-year	0.1396452	0.42067751	35700	0.23113316	78600
Less than Two-year	0.19484086	0.32116267	29500	0.054655585	42700
Four-year	0.14271575	0.75305003	39400	0.26984861	83800
Four-year	0.073656142	0.59595132	43200	0.33853337	90400
Four-year	0.066256948	0.6709826	41800	0.207424	78000
Four-year	0.093627259	0.57149899	49900	0.2786735	83600
Four-year	0.11105725	0.56692559	43900	0.22615728	119500
Four-year	0.12567756	0.75585812	37700	0.14262077	73800
Four-year	0.11228829	0.56966305	36600	0.14582914	67200
Four-year	0.10100727	0.6524502	45400	0.28165594	85900
Four-year	0.066285998	0.59457123	43400	0.25267395	99400
Four-year	0.066960081	0.70545608	50100	0.38931629	87900
Four-year	0.070990607	0.54245234	43500	0.19257948	82700
Two-year	0.15252599	0.40548474	20000	0.03662429	33200
Four-year	0.11515098	0.54505438	46300	0.22464931	83300
Two-year	0.16808084	0.53482848	26100	0.024782011	53200
Four-year	0.14084432	0.5099743	31200	0.096917614	65100
Two-year	0.12770234	0.42292818	31300	0.059669714	78400
Two-year	0.11336399	0.49928409	31300	0.063686207	61100
Two-year	0.14007929	0.54442006	27300	0.062701166	61100
Two-year	0.079089291	0.595649	36000	0.11246574	62100
Two-year	0.14820324	0.46098489	33000	0.10885451	70800
Four-year	0.078711607	0.6773985	39900	0.19241962	77200
Four-year	0.089529	0.58908486	40400	0.18161322	84100
Four-year	0.1148246	0.49966329	45900	0.28984284	90400
Two-year	0.13393705	0.4637492	41000	0.21755446	102200
Two-year	0.11650328	0.52818024	30600	0.10824675	56400
Four-year	0.058247395	0.70940554	53100	0.32840189	81900
Four-year	0.080069363	0.50407398	67000	0.52093887	113300
Four-year	0.1000796	0.46162519	53400	0.39126664	122400
Four-year	0.097439885	0.5351193	45800	0.22793123	74300
Four-year	0.075739145	0.52027094	36400	0.13252532	80800
Four-year	0.12958913	0.41745961	37800	0.17677213	42400
Two-year	0.14011016	0.53862935	29800	0.11353285	55700
Two-year	0.18054889	0.29013917	38200	0.14720593	82000
Four-year	0.064064294	0.61460036	49800	0.3001757	88200
Two-year	0.13011186	0.4618026	28600	0.037457015	67300
Four-year	0.076642796	0.5826292	86300	0.59354371	143300
Four-year	0.09190584	0.60599256	38200	0.15736085	75500
Four-year	0.080230944	0.59345227	49200	0.2013604	108100
Two-year	0.14252008	0.51044184	31500	0.10500699	58900
Four-year	0.14652576	0.51650965	36100	0.11650085	64600
Two-year	0.15219337	0.21558975	25100	0.036031976	31100
Two-year	0.10835494	0.46705595	33400	0.08585012	64600
Two-year	0.12105733	0.50706977	36300	0.1063942	76400
Four-year	0.12999183	0.5948481	42300	0.25738013	73900
Two-year	0.15917934	0.36449561	33100	0.16504201	64800
Four-year	0.069277905	0.58970016	38200	0.08190304	80400
Two-year	0.15729596	0.55095249	28200	0.053779617	78400
Two-year	0.13197736	0.54605395	42000	0.1921438	84500
Four-year	0.1212462	0.71257001	44400	0.27390283	101000
Two-year	0.1949632	0.2384138	18700	0	37700
Less than Two-year	0.1559139	0.14996074	16100	0.0430598	25100
Four-year	0.07304766	0.56111228	56100	0.1581502	93800
Two-year	0.11056215	0.44045267	36500	0.17650659	59900
Four-year	0.1709336	0.28815848	21400	0.024012055	77400
Two-year	0.10692944	0.51397055	34100	0.13631655	72500
Two-year	0.18024683	0.49540168	32100	0.11534952	48700
Two-year	0.16092928	0.47901785	33600	0.11627213	51500
Two-year	0.12509865	0.55848658	32500	0.072762996	57700
Four-year	0.097180918	0.6840238	53400	0.27520585	111000
Two-year	0.13459326	0.24427831	29400	0.09346433	39400
Two-year	0.13095634	0.49786714	34100	0.10744457	57400
Four-year	0.080903485	0.55400813	39200	0.097103536	62000
Four-year	0.10059681	0.62557709	48100	0.24877769	106100
Two-year	0.13278282	0.29947591	30100	0.10403577	45400
Four-year	0.099116251	0.38075513	53200	0.36021557	35500
Two-year	0.059114162	0.65438241	42400	0.31680515	59000
Four-year	0.095112041	0.45325154	40600	0.20236182	109900
Four-year	0.13338956	0.50174236	48900	0.26508507	75200
Two-year	0.11048298	0.35845265	32200	0.084768854	72100
Two-year	0.16563113	0.40162104	40000	0.1821537	85400
Four-year	0.10517939	0.1937815	25700	0.086832456	28800
Four-year	0.068408698	0.56235588	53500	0.31616139	111600
Four-year	0.083438016	0.59373504	64500	0.5978179	164600
Two-year	0.091899037	0.45359665	42800	0.30048823	44700
Four-year	0.086493932	0.47036147	46200	0.28893378	74300
Two-year	0.18182774	0.47833654	34200	0.12189633	64100
Two-year	0.11079103	0.49032876	34600	0.089674801	81800
Four-year	0.10268974	0.72902215	66200	0.44659302	119400
Four-year	0.1287951	0.73558074	35100	0.097758904	72000
Four-year	0.033652335	0.70965993	67600	0.58879513	114300
Four-year	0.091644168	0.61510849	48500	0.35119694	111800
Two-year	0.12243332	0.56688595	33600	0.053176969	62400
Four-year	0.057283189	0.78110844	48500	0.23009655	85100
Four-year	0.15040737	0.46888578	30800	0.072300799	58200
Four-year	0.079443432	0.5631516	66800	0.30870003	184000
Four-year	0.10071946	0.54464799	58700	0.3763307	98600
Two-year	0.12517545	0.58583105	29100	0.07754612	56300
Two-year	0.088656805	0.54642975	34900	0.084689409	62600
Two-year	0.13917431	0.621225	26400	0.02507096	46800
Two-year	0.079048723	0.64581424	34600	0.14635338	57600
Four-year	0.10640553	0.64084941	47700	0.23683476	109100
Four-year	0.036840823	0.6042431	92200	0.51558954	103800
Four-year	0.10094877	0.5660482	38700	0.15143028	64400
Two-year	0.13640784	0.44648826	36500	0.12573892	73700
Two-year	0.088500239	0.56930137	36100	0.11260071	75000
Four-year	0.10064373	0.16886793	30200	0.094593532	32100
Less than Two-year	0.15400939	0.26681754	19800	0	42600
Four-year	0.095104732	0.53623867	55300	0.43979919	86000
Two-year	0.15563239	0.25797632	29300	0.036877804	43900
Four-year	0.11012932	0.64525205	41400	0.19398884	77500
Two-year	0.1286328	0.48081198	29600	0.073219724	66000
Four-year	0.15408085	0.4375324	32400	0.18936598	78400
Four-year	0.072246224	0.30182973	49000	0.26892084	79500
Two-year	0.095051408	0.55153859	39400	0.13862456	91000
Four-year	0.09311153	0.64353776	42700	0.18521915	95100
Two-year	0.14511552	0.41611296	26300	0.058292862	37100
Four-year	0.070969649	0.61660719	63900	0.60828108	208700
Four-year	0.10622705	0.59747541	40900	0.16104966	83400
Four-year	0.22039807	0.40255103	19900	0.02304082	39100
Four-year	0.077878207	0.64899361	44600	0.23642452	98300
Four-year	0.1228778	0.82592905	43500	0.25701424	89300
Two-year	0.18505724	0.44788709	20100	0.042760413	35300
Two-year	0.12723365	0.4061299	34700	0.10973812	71500
Four-year	0.20320524	0.21807687	17700	0.011360547	27200
Four-year	0.091957286	0.48702067	63800	0.47379467	69200
Two-year	0.15151304	0.4099004	30100	0.12203152	44300
Two-year	0.18102305	0.27671355	28400	0.072858736	46500
Two-year	0.17240861	0.28887439	26600	0.059410263	27700
Four-year	0.065833345	0.54578364	74200	0.63790905	84000
Four-year	0.088339478	0.52178866	48100	0.37989375	86600
Four-year	0.10560177	0.79165053	44700	0.16158012	100000
Two-year	0.15111831	0.48150948	36700	0.13601978	75300
Four-year	0.095958352	0.59446138	64200	0.49739423	96500
Two-year	0.062805094	0.68673348	42500	0.19440708	66800
Four-year	0.12117878	0.38548803	32800	0.10575178	98200
Less than Two-year	0.17518596	0.33494353	27100	0.063969232	39300
Four-year	0.12008878	0.45116279	31000	0.065683663	57600
Two-year	0.14675885	0.37001005	40900	0.20940085	74100
Two-year	0.071774155	0.65384692	38400	0.12833941	56500
Four-year	0.10483976	0.45996237	48600	0.31953251	61100
Two-year	0.11991945	0.51249754	40900	0.190961	51800
Two-year	0.11377565	0.47119114	32400	0.11742464	69100
Two-year	0.14206925	0.49603683	28600	0.068485297	54600
Two-year	0.1207102	0.59451354	36900	0.089671925	67700
Four-year	0.10442689	0.51339358	36600	0.09549436	75500
Four-year	0.062434126	0.61718601	76100	0.36535689	208900
Two-year	0.12416998	0.52174824	36100	0.14374883	52600
Two-year	0.14143397	0.47802773	31100	0.04776556	54900
Four-year	0.072785959	0.64583045	79600	0.58545595	156700
Two-year	0.1425107	0.51451451	32000	0.11737081	61200
Two-year	0.16786931	0.42802745	28900	0.047423497	44600
Four-year	0.05971751	0.63364959	44900	0.27918157	86800
Four-year	0.14029357	0.7396397	43000	0.20346454	77800
Four-year	0.090963945	0.47865036	64100	0.51245296	73600
Four-year	0.10770962	0.61150283	50800	0.29620242	91300
Four-year	0.096555725	0.57345718	56100	0.32349211	129700
Four-year	0.066513143	0.24559337	34100	0.067691989	36800
Two-year	0.12506953	0.14977084	30300	0.066135973	32700
Two-year	0.12691332	0.35605866	38100	0.16128452	62400
Two-year	0.14294435	0.44300473	40300	0.18837868	81200
Two-year	0.1678174	0.46796688	31000	0.11652232	46100
Four-year	0.10084161	0.5346781	46300	0.3534494	106300
Four-year	0.081561483	0.57537639	75700	0.68282813	142000
Two-year	0.13288777	0.5356105	33600	0.11158182	70500
Four-year	0.088364102	0.63854963	42500	0.15239573	81800
Four-year	0.10204479	0.6132676	47800	0.39551237	107000
Two-year	0.13288628	0.48459807	27300	0.10956821	43500
Four-year	0.076176383	0.55137599	70200	0.49589875	94100
Two-year	0.14971931	0.46034589	40200	0.13654976	84300
Two-year	0.13910574	0.36072838	29600	0.012662238	54100
Four-year	0.079535954	0.67858803	46300	0.44408655	75200
Two-year	0.18352625	0.29204834	29800	0.17706722	29500
Four-year	0.080136947	0.60073853	39900	0.15800714	72800
Two-year	0.14833446	0.36852345	37900	0.19276038	67900
Four-year	0.15307687	0.28743851	24600	0.032478712	36500
Two-year	0.14626333	0.4651953	28700	0.038759816	64700
Two-year	0.14479163	0.5316841	32900	0.13671246	56700
Two-year	0.062821873	0.63031268	46300	0.30598775	63200
Four-year	0.056841321	0.76345414	52200	0.43016273	79700
Two-year	0.15867135	0.45789587	36300	0.15602726	63600
Four-year	0.087050617	0.61806375	49000	0.41290084	103000
Two-year	0.14885844	0.49485546	36500	0.17398722	73900
Four-year	0.073356688	0.63568717	49600	0.10872484	83600
Four-year	0.081773981	0.58927262	49400	0.26647335	89000
Two-year	0.15235519	0.41353858	36100	0.14984408	51800
Two-year	0.10420743	0.45703039	33200	0.11062877	69900
Four-year	0.10033444	0.55096859	45400	0.2878702	80500
Two-year	0.16604522	0.40776423	35700	0.19226038	69000
Two-year	0.15527786	0.51237494	38100	0.12518479	82100
Four-year	0.081918396	0.59881938	45300	0.18554924	82500
Four-year	0.066792674	0.75439018	39900	0.21671815	77900
Four-year	0.065958843	0.71877366	49400	0.23263311	98200
Four-year	0.08735612	0.57693034	56500	0.47658902	116000
Four-year	0.11956776	0.58849925	63700	0.39727455	176400
Four-year	0.145698	0.44057539	27600	0.061021119	55800
Four-year	0.18232851	0.3740305	32900	0.26902989	105800
Two-year	0.14181708	0.22699794	26500	0.096935377	34500
Two-year	0.097171716	0.55675775	33900	0.11602063	54700
Four-year	0.14347436	0.15624905	27500	0.02814848	32000
Four-year	0.18639259	0.34508148	36300	0.17490003	92300
Four-year	0.090886608	0.45507818	46900	0.18096751	98300
Two-year	0.118223	0.48142672	38600	0.20493606	81500
Two-year	0.13711765	0.58306009	36000	0.12303696	64400
Four-year	0.088024758	0.50013345	49900	0.30801347	79200
Four-year	0.059672642	0.60654932	88200	0.67571968	109500
Two-year	0.16461688	0.16954522	23900	0.046663411	35600
Four-year	0.10653917	0.68437022	44000	0.26657405	96300
Two-year	0.16442747	0.37794676	41800	0.19676554	80200
Two-year	0.12049438	0.58200473	24600	0.77881294	78100
Four-year	0.11932229	0.80919522	37100	0.22743697	91700
Four-year	0.082796469	0.57456702	52000	0.38036057	76700
Four-year	0.082614586	0.53908259	47400	0.28022748	82400
Four-year	0.065196544	0.30534223	31300	0.049578533	61100
Two-year	0.15583186	0.54330939	34400	0.16393827	50800
Four-year	0.067910373	0.58737248	77300	0.62166512	187900
Two-year	0.15216191	0.40973011	31700	0.06025666	66800
Two-year	0.12604778	0.4662379	37000	0.15464151	85200
Four-year	0.14631815	0.49136436	40100	0.31672624	110900
Two-year	0.10082804	0.45469144	25500	0.13785735	40700
Four-year	0.11695098	0.55525482	30100	0.071624562	49100
Four-year	0.17552298	0.34093061	31500	0.12475055	55400
Two-year	0.14269422	0.53796321	30100	0.061005041	55800
Four-year	0.087416023	0.59514904	45500	0.25022474	92300
Two-year	0.074873172	0.59031546	36200	0.082805909	74900
Four-year	0.10002512	0.58119011	41300	0.15099537	83400
Less than Two-year	0.23029572	0.66514546	17500	0.000939469	76000
Less than Two-year	0.23399647	0.42115656	15300	0.012229956	44200
Two-year	0.12370736	0.51419455	32600	0.10245644	64900
Two-year	0.14048332	0.39802241	36100	0.17903639	51200
Two-year	0.16568299	0.51515514	27100	0.053107914	48800
Four-year	0.103126	0.54942012	36800	0.17268063	62900
Two-year	0.15701737	0.58066285	31600	0.072584502	49600
Two-year	0.1479736	0.51402336	31400	0.10983221	49000
Four-year	0.083742209	0.5768404	59200	0.50867635	170500
Four-year	0.1503042	0.76154375	37400	0.26075399	72700
Four-year	0.098607004	0.50488228	61100	0.42433891	105300
Two-year	0.13234083	0.53387898	32300	0.085823976	72400
Four-year	0.083773389	0.66868776	59600	0.32860935	117600
Four-year	0.095379688	0.48479277	59700	0.39832902	110100
Two-year	0.16510777	0.37816384	32600	0.13457558	66000
Four-year	0.078229077	0.60191709	101700	0.68151629	140500
Four-year	0.07703986	0.51991743	52900	0.42450488	103000
Two-year	0.16232955	0.34343642	22900	0.021841565	44400
Four-year	0.11999474	0.51349145	45300	0.21854538	68600
Four-year	0.087670468	0.505162	36200	0.17573057	79200
Four-year	0.11181399	0.52591568	34600	0.008005488	76700
Two-year	0.14508171	0.49100593	30900	0.082589388	64600
Two-year	0.13172036	0.40922508	22600	0.13939928	34600
Two-year	0.17554486	0.49926093	33200	0.10478049	57500
Four-year	0.1550086	0.52845579	32000	0.044266369	63500
Four-year	0.14055072	0.54918218	46900	0.43535388	92600
Four-year	0.083020836	0.5193671	53800	0.2390697	84900
Four-year	0.19083694	0.34515694	51900	0.30677685	84800
Four-year	0.082383536	0.6767621	42000	0	66000
Two-year	0.16200961	0.2938394	29400	0.061954554	60800
Four-year	0.086250089	0.64731389	50300	0.2883583	100900
Four-year	0.12491813	0.50208014	47300	0.20477132	97200
Four-year	0.09724544	0.53732902	38700	0.17991072	59700
Four-year	0.07787054	0.66448319	57600	0.37425935	117700
Two-year	0.10496455	0.48297176	29900	0.10848883	59300
Four-year	0.11388689	0.53839111	34400	0.087118752	94500
Four-year	0.076247513	0.57914776	48300	0.27766919	93300
Four-year	0.09538123	0.59491992	45800	0.26630831	69900
Four-year	0.091957986	0.60644472	44000	0.21768624	92500
Two-year	0.15427393	0.42844048	25900	0.021083174	52000
Four-year	0.097852208	0.57406598	47500	0.2718766	91400
Two-year	0.13997608	0.41703674	30500	0.089398727	44100
Two-year	0.17780194	0.31464088	36900	0.19325553	51300
Two-year	0.12305394	0.49046814	33100	0.082780503	69500
Four-year	0.064009815	0.67548597	52100	0.34775791	90000
Two-year	0.1132097	0.52142531	36800	0.17706802	60600
Two-year	0.1532322	0.59606647	25100	0.026648553	34900
Four-year	0.12811513	0.49118873	39600	0.18423893	96000
Four-year	0.063272163	0.63029325	61700	0.49851117	122300
Two-year	0.13180336	0.55855173	39700	0.12188573	92100
Two-year	0.13551612	0.31776825	34800	0.090031214	68300
Four-year	0.073341869	0.66240519	47400	0.31757793	98300
Four-year	0.096523382	0.60108846	45000	0.28004846	84800
Two-year	0.17638987	0.53377408	36300	0.13488859	72200
Four-year	0.069254451	0.2084779	33700	0.097448327	37100
Two-year	0.18189661	0.52133101	30200	0.056548607	49300
Four-year	0.061635103	0.64808553	67000	0.36538234	123800
Less than Two-year	0.20819704	0.38136017	18800	0.01094861	55300
Four-year	0.071146764	0.6593712	41500	0.1290458	71400
Four-year	0.10350014	0.59858543	47300	0.21626647	110600
Two-year	0.11782426	0.46586972	38200	0.15827456	88400
Two-year	0.13657764	0.48690754	28500	0.053007666	48800
Four-year	0.1431261	0.71100515	40200	0.20258167	83000
Two-year	0.16574313	0.52319223	32800	0.094084665	66100
Two-year	0.18797587	0.48026693	25600	0.028525399	50300
Two-year	0.1729075	0.43378404	26100	0.035334308	51000
Four-year	0.085074335	0.50651628	67600	0.45086744	132000
Two-year	0.093743026	0.52704316	31500	0.08453247	73400
Four-year	0.067726508	0.68300217	51500	0.47554189	92100
Two-year	0.155999	0.31446725	39000	0.19634426	53400
Four-year	0.070632368	0.6170792	83100	0.60582417	119600
Two-year	0.14088932	0.41406617	32800	0.11757547	68800
Four-year	0.11742686	0.62882984	40700	0.20509347	66100
Four-year	0.063268475	0.6646446	53500	0.44038939	107400
Four-year	0.074852884	0.68136925	38600	0.069993928	71800
Four-year	0.092430562	0.56862932	49900	0.34193099	100500
Four-year	0.1072773	0.36055207	30900	0.046823096	75000
Four-year	0.11585268	0.75106061	44400	0.2562049	88300
Four-year	0.10861609	0.68125921	57300	0.37385464	142700
Two-year	0.1524775	0.46207982	38800	0.19751665	84200
Two-year	0.11943362	0.5229879	31300	0.085597582	59600
Four-year	0.10395668	0.5550921	41400	0.16609699	64400
Four-year	0.071302451	0.65444183	50400	0.35451275	89700
Four-year	0.083276264	0.58209383	39400	0.13811943	71000
Four-year	0.14497128	0.38109297	38700	0.18803708	61600
Four-year	0.099733695	0.47994474	42600	0.23815231	109800
Two-year	0.10900212	0.47217727	33800	0.098663643	72400
Two-year	0.13799897	0.63068783	31200	0.088541135	56900
Four-year	0.085732982	0.52433735	51800	0.41188455	126400
Four-year	0.07124617	0.67613995	49200	0.3804352	92800
Four-year	0.081927471	0.69983423	49100	0.29634115	92100
Two-year	0.15382749	0.43646166	33300	0.10865206	61100
Two-year	0.15230043	0.6157468	32700	0.12103301	58500
Four-year	0.078924842	0.67911488	45400	0.27571061	77600
Four-year	0.14195077	0.70622164	36100	0.14077631	67000
Four-year	0.12762757	0.49551368	40200	0.15026551	73900
Four-year	0.12101182	0.73149639	52100	0.42654261	113300
Two-year	0.16308567	0.41662934	25000	0.014704763	46600
Four-year	0.14621335	0.71022981	39200	0.32593244	107700
Four-year	0.12463242	0.47391012	44600	0.26414555	77100
Four-year	0.067821518	0.71658003	45100	0.49030471	75700
Four-year	0.066652097	0.7122885	45300	0.092943504	79900
Two-year	0.079174481	0.60646373	36100	0.084115982	69200
Four-year	0.18466686	0.32299599	26400	0.058306266	39200
Less than Two-year	0.17619163	0.34147748	26100	0.083514147	33200
Four-year	0.062070601	0.61892176	55200	0.24284928	94700
Four-year	0.071253225	0.52217847	59300	0.43444028	98000
Four-year	0.072029561	0.6485858	75500	0.48680103	157000
Two-year	0.13438325	0.55137706	37000	0.14102402	79800
Two-year	0.10982215	0.39863804	37700	0.066264242	80400
Four-year	0.090933196	0.62256122	45100	0.21427234	99200
Four-year	0.067468859	0.62533736	77500	0.54677314	118200
Two-year	0.11930552	0.30726832	25500	0.060353436	45500
Four-year	0.12547201	0.6877172	40400	0.13898809	72500
Four-year	0.066760182	0.65818667	42100	0.22270837	77900
Four-year	0.075074814	0.62968183	45500	0.21964861	101700
Four-year	0.11683352	0.49549663	50000	0.30326214	71500
Four-year	0.085000232	0.56190777	66000	0.51769853	109400
Two-year	0.12468794	0.40409455	33500	0.086708434	71300
Two-year	0.15422493	0.45897287	36200	0.14093438	66300
Four-year	0.10475803	0.5721252	51100	0.32008979	110700
Two-year	0.14493766	0.43797067	39000	0.17915273	75500
Four-year	0.086309433	0.65573132	54100	0.28109834	118800
Four-year	0.13395563	0.77762383	36900	0.10328754	79000
Four-year	0.13418877	0.44544125	34200	0.11224809	66600
Two-year	0.11155009	0.55307776	33400	0.10099699	78100
Four-year	0.088128783	0.59956527	43600	0.12671094	80600
Four-year	0.13898283	0.57358158	28000	0.086029634	61000
Four-year	0.086132042	0.60997272	36900	0.14718495	68300
Four-year	0.13757482	0.73855031	44200	0.13721609	87000
Four-year	0.050537713	0.67373663	86800	0.78208524	109500
Four-year	0.10201582	0.74171823	41200	0.14297664	71900
Four-year	0.094306603	0.65861338	47800	0.36957121	96200
Four-year	0.097468153	0.59864211	43500	0.17423254	99400
Four-year	0.091703326	0.60433835	39200	0.14358182	86400
Four-year	0.091317721	0.49883071	49700	0.32257378	89500
Four-year	0.11440731	0.33014035	43500	0.24483013	48400
Two-year	0.14892684	0.4474085	28800	0.081613004	70800
Two-year	0.11483471	0.51053333	43900	0.18671286	90600
Four-year	0.080645584	0.66311318	42200	0.20318139	86500
Two-year	0.18298654	0.48179501	32600	0.14905502	59400
Four-year	0.13547909	0.75025427	39500	0.11518619	86400
Two-year	0.20263326	0.43922156	31100	0.086481288	66000
Four-year	0.11936057	0.5102998	38000	0.17467226	77900
Four-year	0.11408177	0.40715447	41500	0.19284177	51200
Two-year	0.10154846	0.58603078	32300	0.1324814	57700
Four-year	0.11681145	0.49071598	36200	0.11589441	90600
Four-year	0.12769565	0.39854708	31500	0.11945039	63800
Four-year	0.11282868	0.49367833	41300	0.15682398	74600
Two-year	0.14240244	0.58418119	30200	0.067103617	59700
Two-year	0.15720354	0.57692194	28600	0.069334947	54300
Four-year	0.091683082	0.52439684	49100	0.24421947	86000
Two-year	0.12281128	0.50027198	29800	0.031645831	62700
Two-year	0.1229242	0.53962731	30200	0.079389118	65300
Four-year	0.067189716	0.54068261	59300	0.52332181	95300
Four-year	0.10112428	0.20755719	33300	0.047497384	37200
Four-year	0.08159709	0.49083677	48300	0.09148214	80300
Four-year	0.069011047	0.58164424	59900	0.41292965	176900
Four-year	0.086883925	0.6326949	58900	0.33300894	129500
Two-year	0.13820478	0.49721971	36300	0.16512364	93800
Four-year	0.081285074	0.63039273	41900	0.13460872	80800
Two-year	0.12615266	0.51164353	35900	0.15471542	71200
Less than Two-year	0.17679687	0.30735767	20900	0.074901477	28900
Four-year	0.08872696	0.25135735	39100	0.17847627	52200
Four-year	0.080351107	0.65591794	41300	0.13465819	85200
Less than Two-year	0.26452982	0.40689608	17500	0.028856117	44200
Two-year	0.1135814	0.55696315	36100	0.15367831	55600
Four-year	0.095793739	0.77361256	39100	0.17814857	85900
Two-year	0.15462588	0.4039627	27300	0.061076526	42600
Two-year	0.17933232	0.40147629	34900	0.1277058	66100
Four-year	0.094311282	0.51794374	50900	0.33896059	93400
Two-year	0.13352874	0.4787423	28400	0.056382678	62200
Four-year	0.06169676	0.57125866	54600	0.18783072	103300
Four-year	0.10222212	0.41158786	34700	0.34037271	106800
Four-year	0.11282153	0.49463427	48100	0.24109715	64000
Four-year	0.0713505	0.24161606	36200	0.1671135	48000
Two-year	0.0993568	0.60811591	32500	0.11358675	68000
Four-year	0.10334238	0.62659401	39900	0.096442319	81400
Two-year	0.13883133	0.58035094	30200	0.099899814	53500
Four-year	0.1079066	0.43866751	50400	0.34707272	87200
Two-year	0.11262027	0.49908122	32900	0.09415555	72700
Four-year	0.089428425	0.58255136	49100	0.28514662	103500
Four-year	0.079491906	0.68099409	44200	0.22225687	96700
Four-year	0.081527822	0.508681	60500	0.46557117	91700
Four-year	0.14687486	0.71224713	34600	0.073148608	78800
Two-year	0.16026936	0.40220925	37100	0.12568191	73000
Four-year	0.090124108	0.52040797	52800	0.3351799	86600
Two-year	0.17054324	0.32671088	25100	0.024870327	37800
Four-year	0.13651967	0.43100587	33500	0.11098427	60900
Less than Two-year	0.12928565	0.32136381	26300	0.012526182	53700
Four-year	0.068942681	0.6423263	75100	0.39801782	151200
Four-year	0.16303286	0.60902065	48800	0.27280876	93400
Four-year	0.10367147	0.67054856	52100	0.30945089	174200
Four-year	0.069077395	0.58679026	49800	0.4124895	121400
Four-year	0.094114229	0.44555253	50400	0.32580361	145100
Four-year	0.081725813	0.56710434	49500	0.2399911	98100
Four-year	0.1165146	0.68392432	35600	0.14020874	75900
Four-year	0.074760899	0.68147784	54000	0.28010505	107000
Four-year	0.073940538	0.58425957	73200	0.53508264	180200
Two-year	0.15910862	0.33624691	35800	0.20282461	50400
Four-year	0.024138812	0.7529943	123600	0.91929317	92500
Two-year	0.19970404	0.54383266	44700	0.20628342	62300
Two-year	0.088587947	0.56260812	38900	0.11892682	54900
Four-year	0.15059571	0.79368979	44400	0.28670186	99500
Four-year	0.092308283	0.62086594	62900	0.47796208	153200
Four-year	0.090348944	0.6373685	38300	0.14770442	82200
Four-year	0.077592194	0.56393397	45100	0.3286742	84300
Four-year	0.13813408	0.64285815	35700	0.087477542	93000
Four-year	0.082804665	0.55334544	42100	0.15793151	90400
Less than Two-year	0.14970966	0.5079248	21100	0.063595474	77600
Four-year	0.15892838	0.73375297	47300	0.30207223	104200
Two-year	0.12341916	0.41413572	26700	0.042830445	51000
Four-year	0.075754017	0.55574626	46000	0.15014251	87100
Four-year	0.16805503	0.74655741	44300	0.25938499	95300
Two-year	0.11225701	0.63609803	32700	0.077153936	69200
Two-year	0.070930347	0.56553328	41400	0	77500
Four-year	0.1005256	0.61283273	45700	0.1028863	72600
Four-year	0.090908527	0.21432418	34700	0.09244258	43000
Two-year	0.1721933	0.21109523	24700	0.036831692	44300
Four-year	0.060768571	0.69598776	52200	0.26215875	121700
Four-year	0.10172298	0.50917256	57200	0.41020814	75000
Two-year	0.10272954	0.53274381	34900	0.088346481	58000
Four-year	0.093513936	0.59505987	39000	0.1869922	81000
Four-year	0.09852948	0.4945645	52400	0.34961706	88100
Four-year	0.061551567	0.69109714	83800	0.64041263	111500
Four-year	0.085311651	0.51303923	42200	0.17066035	86300
Four-year	0.094463713	0.25741327	35000	0.13439994	45600
Four-year	0.10317515	0.44614711	35900	0.1503817	91600
Two-year	0.12056788	0.34402633	27300	0.06925083	35800
Four-year	0.083279751	0.54674983	62300	0.47305751	101000
Four-year	0.11509384	0.66517067	31100	0.033788949	81600
Two-year	0.12420791	0.54450911	32500	0.084116295	75200
Four-year	0.076550551	0.55958039	50100	0.41126987	91700
Two-year	0.1851211	0.42521548	39000	0.086505018	48400
Four-year	0.11308184	0.50071526	45400	0.32266465	93200
Two-year	0.16455607	0.4319331	37100	0.15279172	73700
Two-year	0.12706228	0.49403256	36700	0.13627499	88600
Two-year	0.12572815	0.50595099	36700	0.1589745	74000
Two-year	0.11142527	0.55848849	34700	0.074870363	66300
Four-year	0.22020145	0.77311224	40300	0.18545398	89800
Two-year	0.12248619	0.4674094	34100	0.12226363	74900
Four-year	0.13878614	0.59162736	38300	0.30907479	87000
Two-year	0.14771754	0.42729178	31600	0.1020214	89100
Four-year	0.18102035	0.31845498	28800	0.10888322	46300
Four-year	0.10879335	0.15341583	34700	0.1655872	35100
Two-year	0.18416744	0.36016124	25900	0.061993212	46000
Two-year	0.12921964	0.55006599	32300	0.10314717	52800
Four-year	0.13970019	0.70769596	49500	0.30893567	103700
Four-year	0.23586607	0.7925958	29800	0.011908337	71700
Four-year	0.10274413	0.68076915	43900	0.21638221	86900
Four-year	0.085685179	0.27595103	42300	0.21212913	57000
Four-year	0.18423519	0.4737606	30600	0.092926919	52200
Two-year	0.10098924	0.54991829	32300	0.10357492	65000
Four-year	0.07526502	0.66014224	42000	0.18083642	86100
Two-year	0.14530189	0.52343118	33100	0.08910282	80600
Two-year	0.12489314	0.44757539	32600	0.10005264	58300
Four-year	0.10148583	0.28612798	31500	0.096434213	41400
Four-year	0.11966761	0.16023026	28400	0.053459819	38900
Two-year	0.12224308	0.42436901	32100	0.075569361	74500
Four-year	0.10492624	0.5206424	43400	0.24144746	113100
Four-year	0.16838951	0.40590343	28600	0.051826254	44500
Four-year	0.12221345	0.40956789	37400	0.11181894	81500
Four-year	0.067979224	0.62110037	59200	0.26942191	109700
Four-year	0.065426819	0.63045371	44000	0.17823955	67700
Two-year	0.13339807	0.48564973	41900	0.21093433	71500
Two-year	0.14686401	0.44786841	28000	0.071560711	49600
Four-year	0.067956537	0.58892775	47900	0.25686365	92300
Four-year	0.071843728	0.52594805	39000	0.061391655	73900
Four-year	0.064187594	0.71523273	45700	0.23814195	85300
Two-year	0.12690313	0.54019785	30700	0.087699793	53000
Two-year	0.11472509	0.56349146	34300	0.085499428	83400
Four-year	0.075033434	0.54729086	64900	0.51621825	119700
Four-year	0.16708241	0.42457801	35600	0.17906594	71200
Two-year	0.15249209	0.62818938	34000	0.11365198	63100
Four-year	0.10836627	0.69398355	52600	0.31265175	156700
Less than Two-year	0.12940584	0.33247003	35900	0.26831087	62500
Four-year	0.063366041	0.64298534	48100	0.25741065	96500
Four-year	0.075414576	0.60547525	53300	0.36491436	120900
Four-year	0.073335834	0.56202328	41000	0.060063425	75400
Four-year	0.052667584	0.58771598	53000	0.1923212	98800
Four-year	0.1041408	0.57902265	40400	0.073485054	57100
Four-year	0.13096575	0.54548091	48000	0.22720668	120800
Four-year	0.083403066	0.58210313	52500	0.32778928	138200
Four-year	0.070247516	0.6688863	48700	0.30834982	89200
Two-year	0.10471201	0.71899831	38600	0.25672609	66600
Two-year	0.14340024	0.40757367	33100	0.082196139	76200
Four-year	0.13778332	0.53163081	32400	0.08554019	52900
Four-year	0.16617109	0.7339108	38500	0.29661569	86400
Four-year	0.17083871	0.72365808	29200	0.11458282	61400
Four-year	0.06403257	0.67467672	47400	0.14871888	100500
Four-year	0.21677071	0.77954805	44900	0.22588466	87700
Two-year	0.089311391	0.53359562	43100	0.15215079	57100
Four-year	0.079402074	0.57183206	61400	0.56465912	162900
Two-year	0.15028912	0.30926192	31800	0.1051691	35400
Four-year	0.083084688	0.65345287	52800	0.31517246	103200
Two-year	0.11230049	0.53197873	29300	0.065787688	62200
Four-year	0.10889667	0.51013672	40000	0.14446454	87500
Four-year	0.097322248	0.56003773	38800	0.14348567	71500
Two-year	0.1384782	0.50094402	28700	0.098268189	45700
Four-year	0.099452868	0.65075397	36500	0.1463888	63800
Four-year	0.13106625	0.48806009	34000	0.12424182	59500
Four-year	0.069725394	0.63550103	47400	0.20422499	105900
Two-year	0.12583807	0.39233521	28800	0.068282619	41500
Four-year	0.10389314	0.64542055	39200	0.17088571	80300
Four-year	0.073126391	0.56149328	50800	0.42906725	83600
Four-year	0.12854737	0.39620981	30400	0.070932098	48500
Four-year	0.10175907	0.66277009	54700	0.38238022	110600
Four-year	0.12571345	0.52544707	53600	0.33261913	90600
Four-year	0.075672351	0.664105	41100	0.17851658	83600
Four-year	0.073075846	0.65617722	45400	0.16413924	91300
Four-year	0.059516653	0.5434733	49500	0.38360474	67500
Two-year	0.13547748	0.45113516	36700	0.1375514	68700
Four-year	0.10489837	0.59465629	55400	0.36129776	105200
Four-year	0.095142633	0.61219114	40400	0.30534065	87200
Four-year	0.099676102	0.76547801	49600	0.47987312	97100
Two-year	0.12893298	0.47051013	34900	0.097990364	56000
Four-year	0.084378555	0.56945187	55000	0.38006294	110000
Four-year	0.081032135	0.51628375	49700	0.37273386	91900
Two-year	0.12909582	0.2996473	24600	0.023322148	38000
Two-year	0.15528288	0.25044051	28200	0.062879995	40400
Four-year	0.14608963	0.73663735	36100	0.14001969	73500
Two-year	0.14041814	0.29713309	34200	0.10817116	49500
Four-year	0.092657246	0.33855453	31100	0.10643189	54000
Four-year	0.076876052	0.64183152	54100	0.24524328	130600
Two-year	0.19996537	0.50283796	24300	0.052114017	46500
Four-year	0.11259343	0.54831809	37400	0.10377237	69100
Four-year	0.14553767	0.52311498	41100	0.19167326	85000
Four-year	0.089942478	0.55326259	51500	0.34690586	117300
Four-year	0.083132066	0.63759583	48000	0.22181757	93500
Four-year	0.069226339	0.56415528	52700	0.2850706	93700
Two-year	0.14481448	0.52182102	31000	0.1036337	73100
Two-year	0.11540873	0.41309735	37200	0.14111607	75300
Four-year	0.11175138	0.55771351	43200	0.21367563	77200
Two-year	0.14409237	0.43011078	37500	0.16987471	82900
Two-year	0.13680638	0.24940664	24400	0.041779872	32500
Two-year	0.16203944	0.48272467	28000	0.063271344	67000
Two-year	0.19934703	0.35795227	27500	0.052537736	49800
Two-year	0.19481054	0.48600879	32900	0.12694518	71000
Two-year	0.13142106	0.41130802	35300	0.12835206	74000
Two-year	0.13683634	0.44109896	34900	0.16410892	52900
Four-year	0.073744915	0.59114587	49300	0.31817222	62100
Four-year	0.11414988	0.47200856	44800	0.30952388	79100
Four-year	0.078662187	0.58600765	100100	0.58056879	175300
Four-year	0.10826597	0.60616404	37500	0.14797316	60800
Two-year	0.18169178	0.49149844	33800	0.12079613	62600
Four-year	0.073289879	0.5133332	41800	0.16908048	66700
Two-year	0.15670113	0.49746913	37900	0.16396694	77400
Four-year	0.11662421	0.71916711	38400	0.146341	82900
Four-year	0.098505139	0.6384185	41500	0.18082206	68400
Two-year	0.13325042	0.44859996	32500	0.11810189	66000
Four-year	0.083050981	0.66453302	41200	0.16584058	83800
Four-year	0.11865876	0.38395315	41800	0.27616549	91100
Four-year	0.15738554	0.14089283	25900	0.087579586	28200
Two-year	0.11840638	0.53683203	34200	0.14777495	62200
Less than Two-year	0.26727694	0.60377079	18000	0.003557595	85200
Four-year	0.080435775	0.54568028	94000	0.62739229	172600
Four-year	0.098515913	0.19208598	30200	0.087722033	35400
Four-year	0.1183712	0.70723516	38300	0.14241832	70400
Four-year	0.088485025	0.60255367	38800	0.1692806	69500
Two-year	0.12310043	0.40221521	29600	0.050525483	53900
Four-year	0.070536114	0.50664794	59300	0.46784791	165300
Four-year	0.071222633	0.52667254	49600	0.29286674	115500
Two-year	0.14713015	0.42584383	37800	0.12607491	68500
Four-year	0.08778128	0.54432124	63100	0.49512097	124000
Four-year	0.077400319	0.64276087	55900	0.3174628	111400
Two-year	0.13407728	0.39048141	26600	0.03809692	40600
Four-year	0.1541023	0.39631587	33500	0.077721454	100200
Four-year	0.1026904	0.46624222	73100	0.51646566	110100
Two-year	0.1517313	0.36271802	35300	0.1412366	45500
Two-year	0.16444688	0.49449268	34300	0.11708505	73400
Four-year	0.13449548	0.75846958	33400	0.094071805	77900
Two-year	0.1487724	0.28711006	26100	0.076797962	47200
Two-year	0.23185366	0.56333977	29700	0.12009859	55300
Four-year	0.087053582	0.67195117	44200	0.083953626	88500
Two-year	0.13903295	0.45951918	28900	0.048677154	57300
Four-year	0.044485532	0.6133123	75700	0.53712642	116900
Two-year	0.16114211	0.59472686	23300	0.015830992	47400
Four-year	0.10162013	0.60760945	47000	0.24389082	100900
Two-year	0.13911216	0.25732464	36400	0.19843748	29700
Less than Two-year	0.15403643	0.32172775	35600	0.083536766	41700
Two-year	0.14717658	0.58726811	33400	0.098468982	63500
Four-year	0.077214971	0.69883466	35200	0.18768935	67100
Four-year	0.090886965	0.40314701	41000	0.22057061	57800
Two-year	0.14647442	0.44049317	27600	0.10041587	47200
Two-year	0.1346433	0.50133586	34900	0.13210657	57200
Two-year	0.13034417	0.46664539	38100	0.15941401	81600
Four-year	0.076982915	0.54920626	87700	0.74350357	139800
Four-year	0.10278606	0.49730739	36000	0.1828924	76300
Four-year	0.079952501	0.50783449	60500	0.42224035	100900
Four-year	0.12313158	0.6917218	56300	0.34165895	132400
Four-year	0.085893713	0.65897888	40600	0.21798106	64400
Four-year	0.071698703	0.61181688	57800	0.33745036	88200
Two-year	0.14353801	0.56381863	31800	0.11259877	61400
Four-year	0.092384137	0.59977025	41800	0.35887569	72600
Four-year	0.12474132	0.56604177	49600	0.29474357	81300
Two-year	0.15827818	0.54245073	28100	0.083304137	53700
Two-year	0.16228227	0.38998848	37900	0.1539993	76800
Two-year	0.17286672	0.55260444	32300	0.083827749	50100
Four-year	0.095551543	0.68043751	42400	0.24221773	78400
Four-year	0.099966668	0.28754547	52600	0.36409616	81800
Four-year	0.070010439	0.56499428	80600	0.58615565	142300
Two-year	0.09630762	0.53833228	33400	0.025245978	63200
Four-year	0.12172388	0.78989154	33500	0.078087427	82000
Four-year	0.067780547	0.59033829	56800	0.30201095	149300
Two-year	0.16431256	0.51103944	28200	0.067721754	60300
Two-year	0.15310322	0.52328116	30400	0.089989379	52000
Two-year	0.11386263	0.48416802	32500	0.10573786	64400
Two-year	0.13953044	0.449222	31500	0.08158803	60400
Four-year	0.0933792	0.32534915	49300	0.35684139	41800
Two-year	0.13720262	0.46714813	33000	0.11151636	59100
Two-year	0.14154999	0.56141078	29600	0.099544711	48500
Four-year	0.11406548	0.49504784	31700	0.10443832	64200
Two-year	0.1555099	0.42243662	34600	0.11785229	54200
Four-year	0.091271505	0.56351686	49100	0.3281177	98600
Two-year	0.17202733	0.50784194	34600	0.17435397	50100
Four-year	0.10920064	0.60685867	36700	0.10801895	69700
Four-year	0.066136718	0.65811163	51300	0.21148837	83300
Four-year	0.084321156	0.58409798	47400	0.25143772	111600
Four-year	0.13554379	0.69145566	38100	0.025831055	85100
Four-year	0.11197396	0.48487431	32800	0.062451232	62900
Four-year	0.10360048	0.58961809	38200	0.059309553	98300
Four-year	0.089698806	0.57260239	38400	0.18984328	62000
Two-year	0.082171366	0.57113618	36500	0.10775933	64400
Two-year	0.15599522	0.34146017	22200	0.03611416	37200
Two-year	0.16469383	0.32177314	37300	0.18359834	40700
Two-year	0.15420845	0.66485775	38500	0.15279812	82500
Four-year	0.11075035	0.75805026	38500	0.14622521	77200
Two-year	0.0835362	0.54053277	32000	0.066066422	65500
Four-year	0.13953102	0.3368251	47600	0.39971697	80500
Four-year	0.13173765	0.53919953	42100	0.25685894	58600
Four-year	0.065864466	0.24522418	33700	0.11363833	35400
Two-year	0.13888405	0.51209033	33100	0.12122305	55700
Four-year	0.074257858	0.57391977	53700	0.40375692	97600
Four-year	0.053855751	0.67122161	76100	0.52994031	94600
Four-year	0.15899229	0.22519137	19300	0.010572652	35100
Four-year	0.088028356	0.64240348	58600	0.29727906	121100
Two-year	0.12259818	0.41077453	37500	0.13720845	69300
Four-year	0.072778411	0.6684373	45200	0.26298958	88100
Four-year	0.1015287	0.58133811	53400	0.43560067	117500
Two-year	0.13911629	0.40659815	34800	0.17028531	84900
Four-year	0.1480905	0.62417471	51300	0.28642538	116700
Four-year	0.11712505	0.71781135	43800	0.14726995	106400
Four-year	0.097920917	0.39167926	45300	0.26058468	51600
Four-year	0.060902987	0.64512104	60200	0.4160575	109700
Four-year	0.083954901	0.65503818	52000	0.46463969	96600
Two-year	0.1464114	0.48959401	44500	0.16450658	109500
Four-year	0.1153004	0.46789965	51200	0.35416266	125400
Four-year	0.092775069	0.46454075	61700	0.46824235	42800
Two-year	0.12175278	0.57230395	34600	0.049184714	66000
Four-year	0.14516248	0.39543951	44700	0.31857845	95200
Four-year	0.079313256	0.66406965	59700	0.40409702	134300
Two-year	0.15473135	0.50956106	31300	0.10340104	68200
Four-year	0.13062559	0.5212599	39600	0.10992315	94300
Two-year	0.1078082	0.57793391	35600	0.13093396	69000
Four-year	0.10587786	0.6729756	40000	0.18512994	67000
Four-year	0.13802904	0.56884831	36500	0.16034502	103100
Two-year	0.13408267	0.44374195	31000	0.083348341	58900
Four-year	0.16534993	0.3899537	37000	0.22536097	76300
Four-year	0.063749023	0.66932344	65400	0.44827795	106800
Two-year	0.11582565	0.47263366	33900	0.11043462	73500
Four-year	0.07972014	0.68076438	47900	0.1925035	89700
Four-year	0.091294505	0.54684269	60900	0.43728405	110500
Less than Two-year	0.093182899	0.12407415	17600	0.051881213	32200
Two-year	0.1269888	0.48503956	28100	0.13580912	61000
Two-year	0.15580015	0.4011977	29200	0.10975349	70800
Four-year	0.10725344	0.68295842	44400	0.42605379	88400
Four-year	0.074271537	0.67621833	52700	0.30077225	120700
Two-year	0.15415742	0.51168984	29800	0.057078272	60200
Four-year	0.082416669	0.58348888	67000	0.50940466	142700
Two-year	0.11719818	0.49980515	38300	0.1783371	91700
Four-year	0.15887694	0.35598376	34700	0.13799018	80400
Four-year	0.11970151	0.62275636	46100	0.24249384	64200
Two-year	0.12945117	0.62583512	29900	0.090950452	45000
Two-year	0.16464604	0.48535725	34600	0.13187444	51600
Four-year	0.067663267	0.60929614	61300	0.4278675	101500
Less than Two-year	0.21944901	0.42510119	24200	0	73100
Four-year	0.13486993	0.51998746	39100	0.16221189	71200
Less than Two-year	0.21608822	0.33922279	20000	0.069678038	33000
Two-year	0.16059959	0.51800489	36600	0.12172711	69500
Four-year	0.052014858	0.70208883	41200	0.11837853	67800
Four-year	0.083170138	0.54242557	46700	0.1614102	85000
Two-year	0.16517439	0.45155776	35200	0.14307536	70800
Four-year	0.077325843	0.24606214	40000	0.20298244	42600
Two-year	0.13870904	0.6340059	33600	0.15351832	54500
Two-year	0.13398419	0.5811497	35600	0.12822804	65300
Four-year	0.11429276	0.56691867	39700	0.19987112	75800
Four-year	0.050891288	0.68425125	40000	0.1770708	66000
Four-year	0.084256932	0.5770995	62000	0.42187792	114400
Two-year	0.14903146	0.49325484	35500	0.1381499	65700
Two-year	0.13914113	0.49804527	33400	0.11000312	59900
Four-year	0.063587151	0.67126411	49000	0.31418082	93000
Four-year	0.13513434	0.4813385	40300	0.28556961	74000
Four-year	0.095972382	0.53837162	45500	0.29661635	62900
Four-year	0.15290307	0.76109856	39800	0.20786394	102100
Four-year	0.13057904	0.75211358	45300	0.13569644	98500
Four-year	0.069118947	0.68910116	47400	0.28800872	89400
Two-year	0.16104431	0.52889317	30100	0.064544916	54300
Four-year	0.10400349	0.64712572	37900	0.15711419	63200
Four-year	0.13118131	0.53708667	54900	0.35438401	63300
Two-year	0.16165702	0.52024853	33400	0.090576999	76200
Four-year	0.067536339	0.63920385	46200	0.22125527	96100
Two-year	0.11569379	0.5615195	31500	0.11149249	64700
Four-year	0.068799675	0.74488354	50100	0.16141255	88200
Less than Two-year	0.15209629	0.71043253	21400	0.011221879	93600
Four-year	0.16678762	0.5547474	36300	0.18140443	77300
Two-year	0.15968218	0.44380075	37200	0.14712717	65000
Less than Two-year	0.16137011	0.55301309	23400	0	72000
Four-year	0.16001567	0.3460218	31900	0.13625626	48500
Four-year	0.091017	0.48317012	46300	0.25921467	91300
Two-year	0.1706426	0.43373188	31200	0.09419252	47600
Four-year	0.060947951	0.75649744	47100	0.1588113	93200
Two-year	0.12524356	0.56045651	41700	0.15124556	83400
Four-year	0.079551123	0.63641012	66800	0.40629917	144500
Four-year	0.13092083	0.50411117	32600	0.11151362	74100
Four-year	0.083598658	0.60422957	49100	0.22609419	90800
Two-year	0.14310586	0.37970674	36400	0.17777587	49200
Two-year	0.19360381	0.30873829	17100	0.043150879	32900
Four-year	0.097967423	0.56551266	40600	0.20821027	85400
Four-year	0.11309753	0.64292312	40400	0.14211413	90000
Four-year	0.10716964	0.60332799	45900	0.13960819	92700
Four-year	0.049759224	0.75015962	49600	0.39682275	80800
Two-year	0.12954468	0.36945528	29800	0.14214651	29100
Two-year	0.13769005	0.40281844	32900	0.1601271	64800
Four-year	0.090756968	0.72733039	43900	0.15076517	83000
Less than Two-year	0.18085557	0.43747342	26000	0.006176204	70600
Four-year	0.16253328	0.8267383	30100	0.203393	67700
Four-year	0.11059498	0.47606146	50700	0.37492299	98500
Four-year	0.11055652	0.845846	31900	0.057347983	74400
Four-year	0.11055154	0.50968367	41600	0.19150831	57300
Four-year	0.099153645	0.54191947	41700	0.19011199	98400
Two-year	0.12107427	0.55221409	33000	0.11390643	75300
Two-year	0.15465894	0.50160164	30900	0.087828457	45900
Two-year	0.16716313	0.54701012	31700	0.11651235	52100
Four-year	0.05369512	0.6808551	42300	0.24131669	80900
Two-year	0.15670365	0.12685724	20900	0.040012307	32000
Two-year	0.14052539	0.29694793	26900	0.042138081	37200
Two-year	0.13656133	0.43808252	30000	0.047563884	57700
Two-year	0.12128751	0.55200404	29500	0.0896056	59600
Four-year	0.066361986	0.57124299	66100	0.52672905	129200
Two-year	0.17769165	0.43711215	32900	0.11064582	72400
Four-year	0.091296561	0.35712895	36900	0.11551578	73500
Two-year	0.13069491	0.49585739	37100	0.12723029	97500
Four-year	0.085732698	0.5442614	40600	0.070813276	75400
Two-year	0.14536105	0.45090249	28800	0.063909754	78800
Two-year	0.14153214	0.41821817	40700	0.16760674	84000
Four-year	0.097050719	0.33266377	40600	0.20060772	55800
Two-year	0.12624806	0.50658756	31300	0.095012501	69800
Four-year	0.084295109	0.65434253	42600	0.20007221	91600
Four-year	0.092601053	0.54928756	55200	0.4078413	100500
Two-year	0.12639286	0.53403229	37200	0.13523801	84600
Four-year	0.11284029	0.64524555	35700	0.2073507	56900
Four-year	0.04606925	0.69854677	39800	0.10418881	74400
Four-year	0.12281641	0.65781718	43800	0.24779823	100700
Four-year	0.066064194	0.64841211	107500	0.62914598	95300
Four-year	0.077916428	0.73596156	50300	0.47799686	106800
Four-year	0.060600862	0.59827423	51100	0.34968951	100200
Two-year	0.11569076	0.26246592	35200	0.19669069	44200
Four-year	0.07409656	0.63694978	38200	0.13374622	64600
Four-year	0.14300378	0.37531036	42800	0.27164322	96100
Four-year	0.14637606	0.57906514	34100	0.10814601	66500
Four-year	0.089488663	0.2162244	33500	0.11927225	45100
Four-year	0.15500584	0.46324903	37200	0.18918888	97000
Two-year	0.13843088	0.40546602	27700	0.060347416	39800
Four-year	0.089933127	0.48539832	52300	0.43250099	108700
Four-year	0.084762461	0.58522171	44400	0.17338559	85200
Two-year	0.13810766	0.43955529	41600	0.19506876	78400
Four-year	0.18011111	0.39734733	38300	0.23778979	149800
Two-year	0.19419856	0.24914269	17200	0.03663348	29300
Four-year	0.0742364	0.66808361	52400	0.2313807	105500
Four-year	0.091173567	0.58438325	39000	0.15265645	73400
Two-year	0.1228494	0.58064598	30100	0.090016954	53800
Two-year	0.16231564	0.39032707	25500	0.044475906	41600
Four-year	0.11072323	0.58080882	42200	0.18731111	69800
Four-year	0.061226293	0.67006105	60400	0.53443873	119200
Four-year	0.12029032	0.60822612	35100	0.11049537	66800
Two-year	0.14598994	0.53487051	40100	0.22722612	50900
Four-year	0.10176491	0.46595636	64700	0.5227713	130500
Four-year	0.067316309	0.59301078	60000	0.46800721	110300
Four-year	0.14332224	0.79574049	40600	0.085705101	98600
Four-year	0.078315191	0.56833208	50900	0.30334401	97700
Four-year	0.098673947	0.53768307	35300	0.12889101	58800
Less than Two-year	0.1240963	0.28786948	27700	0.088612162	72600
Two-year	0.17984657	0.40086183	24000	0.042237185	47200
Four-year	0.14377555	0.65634054	38400	0.15178795	76600
Four-year	0.13134886	0.45821381	33700	0.11691926	61100
Two-year	0.094047919	0.63987154	32800	0.12572496	61500
Four-year	0.091488436	0.61528373	43000	0.17160033	98800
Four-year	0.10917202	0.42403561	36900	0.14582239	48500
Four-year	0.11349699	0.55442655	39900	0.14749025	94700
Two-year	0.16612092	0.47838703	29400	0.091252759	54200
Two-year	0.14885317	0.58404547	33000	0.068935834	53900
Four-year	0.094923802	0.44374913	49000	0.27489665	120500
Four-year	0.098144911	0.50037253	70600	0.54554594	120100
Four-year	0.15428129	0.51344478	35300	0.12061685	66300
Two-year	0.11152726	0.54977775	33000	0.087977886	67200
Two-year	0.11049489	0.52598184	37900	0.18974012	65600
Four-year	0.077565357	0.59422815	58100	0.5398075	136600
Two-year	0.12471558	0.53785348	40800	0.16928591	90900
Two-year	0.14853908	0.50819385	31100	0.12153184	59300
Two-year	0.12446122	0.54104149	32600	0.090835616	57700
Two-year	0.13320601	0.44490433	44800	0.29005641	91100
Four-year	0.11993711	0.53409296	52200	0.35877097	91800
Four-year	0.11954793	0.42932925	34200	0.14033644	26400
Four-year	0.10180058	0.50291985	37300	0.096420042	66600
Two-year	0.14849557	0.57598364	30300	0.087788567	56300
Four-year	0.14321671	0.347478	26800	0.048730936	41100
Four-year	0.11330521	0.51240695	38800	0.16551189	72600
Four-year	0.068314835	0.52510393	41700	0.2574876	65800
Two-year	0.062750623	0.64476061	42400	0.051868498	58900
Two-year	0.16531998	0.5834372	29300	0.10290527	45700
Two-year	0.14811411	0.39990345	28900	0.059864797	54400
Two-year	0.18622135	0.41622785	39100	0.19612674	81200
Four-year	0.10485036	0.42192465	44700	0.19016153	73300
Four-year	0.11768074	0.67798269	41500	0.20191722	61700
Four-year	0.10855453	0.57856828	41200	0.28516677	84100
Four-year	0.062463611	0.58743018	88700	0.8497473	113100
Less than Two-year	0.14686425	0.32362455	18800	0.02761098	29300
Two-year	0.14627315	0.28867301	29200	0.10998089	32600
Four-year	0.078281678	0.57555741	39700	0.10342196	63500
Four-year	0.18689068	0.47256988	31700	0.095598429	62400
Four-year	0.060550712	0.73745334	47700	0.31967229	88700
Four-year	0.079756826	0.42280263	44100	0.18479864	68700
Two-year	0.12944978	0.61917734	32200	0.056785356	58000
Four-year	0.088039801	0.54885477	39500	0.05171426	67600
Four-year	0.13169688	0.48078376	29000	0.061016917	44400
Four-year	0.096432105	0.47775823	45200	0.26625898	119100
Four-year	0.10220596	0.59920651	44800	0.2163537	89300
Two-year	0.12064645	0.56240207	33000	0.082960233	70800
Four-year	0.074444391	0.65989584	76500	0.40344775	191500
Four-year	0.078122191	0.59939134	54600	0.3024964	95400
Two-year	0.13264346	0.39006972	25600	0.15413421	30500
Four-year	0.10177135	0.63777643	42300	0.17199072	88800
Four-year	0.11014602	0.72522378	56400	0.425354	85700
Four-year	0.082698934	0.61302131	41800	0.16685539	83200
Four-year	0.15045109	0.72462571	42400	0.30910993	82600
Four-year	0.07731799	0.59065008	48500	0.31874394	94300
Four-year	0.078568988	0.58415246	42500	0.16502938	87400
Two-year	0.14092618	0.38351721	32900	0.13145322	49700
Two-year	0.13197125	0.40068832	37600	0.13984437	71600
Two-year	0.13147677	0.63780242	33700	0.15591809	60800
Four-year	0.15983684	0.37247777	27700	0.051997751	40700
Two-year	0.15510307	0.51688349	32300	0.10545317	53700
Four-year	0.066110075	0.55613101	104600	0.66528678	141000
Four-year	0.14255528	0.49284026	34000	0.13372535	51200
Two-year	0.12916799	0.43110505	34100	0.12052735	63700
Four-year	0.12704253	0.49919537	32200	0.11462291	59100
Two-year	0.13648376	0.48675278	32700	0.067655347	59800
Four-year	0.10091779	0.61209607	41300	0.22184701	70800
Two-year	0.11998813	0.49873984	33200	0.066671431	48000
Four-year	0.0881285	0.6515426	41300	0.15233073	105900
Four-year	0.076583818	0.59816241	41500	0.1928916	76500
Four-year	0.16047949	0.74841857	42000	0.2389518	92000
Four-year	0.070446014	0.63902742	54400	0.41236836	108100
Four-year	0.11072372	0.61089116	48600	0.2329379	93600
Four-year	0.084740877	0.59444529	74800	0.63194358	151500
Four-year	0.071372397	0.67588174	51600	0.33602929	107600
Four-year	0.14643635	0.43267283	36600	0.076432593	73600
Four-year	0.12808904	0.50042087	39200	0.12415858	66500
Two-year	0.1759665	0.36943945	29400	0.095950007	42500
Four-year	0.12792735	0.37237072	43400	0.32551944	142800
Two-year	0.13106036	0.41824672	36500	0.13343059	59200
Two-year	0.13527544	0.5810743	31400	0.069591112	56800
Two-year	0.068461753	0.62112737	35000	0.10734466	64400
Four-year	0.061278507	0.66334718	50900	0.29896694	90200
Four-year	0.094191425	0.50909108	47800	0.52676445	98100
Four-year	0.071089581	0.62722343	61200	0.38987902	131400
Four-year	0.07994476	0.6060605	46000	0.25283507	85700
Two-year	0.12770413	0.55012918	32400	0.13255002	53100
Four-year	0.092135698	0.44848731	36200	0.094899163	65400
Four-year	0.069346242	0.57451469	46800	0.25466785	99900
Two-year	0.15703683	0.52128923	27500	0.092159033	60800
Four-year	0.066431649	0.60234845	76400	0.60558742	91600
Four-year	0.096041448	0.56722277	36700	0.12415309	74800
Two-year	0.16073866	0.54283333	36200	0.13531354	82100
Four-year	0.097819135	0.55822396	50100	0.3442798	113700
Two-year	0.13963583	0.47303295	32300	0.11721686	56800
Four-year	0.14314994	0.77055091	46400	0.24988702	131000
Four-year	0.089900523	0.49893191	74300	0.55246651	114700
Four-year	0.11065024	0.58638573	46400	0.23788281	81700
Four-year	0.17849767	0.41335401	36100	0.15989481	95300
Four-year	0.14634407	0.42868152	35500	0.18848959	78700
Four-year	0.12393455	0.57341492	39200	0.17601806	76400
Four-year	0.14166406	0.48081589	43800	0.2294879	97000
Four-year	0.076142192	0.50337768	45700	0.12347483	67800
Four-year	0.094455838	0.58088279	42000	0.16624457	77100
Two-year	0.13726048	0.5292865	34400	0.12905701	66900
Two-year	0.11292432	0.47508001	33400	0.08368618	71900
Four-year	0.11843965	0.36691275	34100	0.013542726	90200
Two-year	0.13747413	0.54488653	32100	0.090642944	69100
Four-year	0.14197989	0.46871647	31800	0.092061594	54100
Four-year	0.14427862	0.35896763	29400	0.068533026	40500
Two-year	0.11208461	0.48039693	32200	0.060661104	68500
Four-year	0.083035469	0.63001317	51000	0.30853525	146000
Four-year	0.092669412	0.58140415	47100	0.31382665	82800
Two-year	0.17548361	0.56232959	23400	0.041703999	44100
Four-year	0.18403903	0.39269525	22800	0.011010909	38900
Four-year	0.089568816	0.69341409	60800	0.31451869	133400
Two-year	0.13521527	0.46537316	31400	0.077923976	63000
Less than Two-year	0.18376751	0.35733205	25700	0.058551807	39600
Four-year	0.10301168	0.57055336	47400	0.2286817	100000
Four-year	0.11885059	0.20273936	29500	0.067768514	38800
Four-year	0.084719583	0.68957132	43900	0.23312944	96400
Two-year	0.13024902	0.41819787	38200	0.13077587	80800
Two-year	0.20674771	0.47789365	33900	0.1087695	64200
Four-year	0.094767809	0.69532216	44400	0.28547767	80500
Four-year	0.086996697	0.66895604	44700	0.1281978	82700
Four-year	0.094685622	0.56439006	39700	0.16938165	76700
Four-year	0.079016946	0.68920964	41900	0.11541358	84600
Four-year	0.070699878	0.68929827	41800	0.17532998	68100
Two-year	0.13943103	0.5561893	34300	0.11426026	61200
Two-year	0.12310426	0.42301348	38700	0.16462889	82500
Two-year	0.094923958	0.49261394	27800	0.047942203	48600
Two-year	0.13612151	0.40566996	26600	0.048934996	35300
Two-year	0.13413493	0.40826169	33700	0.14999035	66300
Two-year	0.17381924	0.48100784	30800	0.10226659	68500
Two-year	0.14255749	0.50996208	28600	0.059372064	60000
Four-year	0.058049694	0.55637735	40300	0.32362387	88400
Four-year	0.094309404	0.62469363	42200	0.24092615	85400
Two-year	0.12200634	0.56789863	33400	0.085773066	63600
Two-year	0.11718757	0.60795963	31900	0.101023	63800
Two-year	0.16646442	0.50089586	38100	0.16665658	79900
Two-year	0.11915872	0.59453791	41700	0.19174249	68000
Four-year	0.12117833	0.52038407	35500	0.041009605	63700
Four-year	0.07245665	0.7542572	40200	0.19171816	90700
Two-year	0.13314316	0.44176909	39700	0.16719204	93200
Two-year	0.167858	0.2683163	24300	0.040131856	29900
Four-year	0.11897179	0.63076788	36700	0.10783715	65700
Four-year	0.16983341	0.36633381	33400	0.11756861	108700
Two-year	0.13166471	0.24085049	36100	0.17514886	33500
Four-year	0.12181795	0.42007616	49100	0.28291515	85600
Four-year	0.094691828	0.39312306	31900	0.13170852	100600
Four-year	0.16424145	0.81344277	58600	0.47529107	180100
Four-year	0.076180667	0.70734173	49000	0.28755945	104700
Four-year	0.080560721	0.51523697	60800	0.49128494	135900
Four-year	0.089264825	0.59243506	61100	0.38116151	133000
Two-year	0.10046386	0.61352956	37900	0.17722201	51800
Two-year	0.17596878	0.47185647	25100	0.065226242	57600
Four-year	0.065116949	0.67333835	42500	0.10223659	81400
Two-year	0.13529074	0.47295725	32400	0.091829784	78900
Four-year	0.10496724	0.62044829	30800	0.064137615	66800
Four-year	0.077385232	0.65643591	47000	0.25889879	100100
Four-year	0.092453517	0.51194024	43000	0.27161658	90700
Two-year	0.13148922	0.39658549	29000	0.066403612	44900
Four-year	0.1277802	0.42804718	35200	0.14804323	54000
Two-year	0.14980276	0.52206409	29300	0.12883759	59700
Four-year	0.073686346	0.55561686	72500	0.46467811	181300
Four-year	0.12892856	0.5188871	42600	0.24099758	86900
Four-year	0.092240579	0.51371813	52600	0.38175958	85800
Four-year	0.11248118	0.70002967	40900	0.004619137	76000
Two-year	0.1151165	0.4688108	32100	0.077830017	63200
Four-year	0.13125074	0.55900997	36000	0.050886195	68000
Four-year	0.078796826	0.60310549	63900	0.41679427	109000
Four-year	0.093138397	0.49287385	45200	0.29177338	102800
Four-year	0.12951532	0.44302782	33900	0.1362725	62000
Four-year	0.10036265	0.47471333	59600	0.49203572	70500
Two-year	0.18262044	0.41616434	30800	0.073146962	65300
Two-year	0.1817884	0.58507264	36700	0.16763775	70500
Four-year	0.18159828	0.78883553	37300	0.24167542	73100
Four-year	0.12873417	0.61514676	41200	0.23945044	99900
Four-year	0.1345024	0.53184575	45500	0.15927973	107300
Four-year	0.08944039	0.6671294	42800	0.20924412	84000
Four-year	0.092043392	0.27662203	53900	0.37098277	76900
Two-year	0.13738112	0.28423366	28800	0.047621168	30400
Four-year	0.11130913	0.77255654	34900	0.14174305	74000
Four-year	0.089054093	0.62624168	44200	0.22013925	84500
Four-year	0.13307694	0.39659822	33300	0.12729129	67200
Two-year	0.13068745	0.61921382	38600	0.17918615	79100
Two-year	0.167128	0.52626616	29900	0.050302792	63000
Four-year	0.074227192	0.66116375	49100	0.37249184	92100
Four-year	0.10181519	0.54126394	39100	0.15377115	94400
Four-year	0.09969113	0.75150943	42700	0.22509876	85400
Four-year	0.13179904	0.32572383	23300	0.014501831	42200
Two-year	0.12784663	0.50299382	32600	0.096672937	66800
Two-year	0.067251332	0.55354381	54100	0.26123947	72400
Two-year	0.13520721	0.41069409	31600	0.093500599	48300
Four-year	0.11372444	0.16485083	26500	0.066104285	33000
Four-year	0.10780541	0.39375299	59500	0.44843543	30900
Four-year	0.074785411	0.54469556	48100	0.25669155	92700
Four-year	0.080750018	0.6892966	40700	0.15622316	83700
Four-year	0.087737665	0.72028774	45000	0.40932897	118100
Four-year	0.085053496	0.26261267	35400	0.10738597	42000
Four-year	0.17154081	0.38929892	26100	0.10174942	99200
Four-year	0.075065657	0.56924075	57600	0.39154658	92400
Two-year	0.14595959	0.5919202	34900	0.14210148	65900
Four-year	0.097977877	0.51821834	56300	0.43017572	99900
Four-year	0.14202815	0.37912983	34000	0.1195711	61900
Two-year	0.15986298	0.52451712	29100	0.067605086	63800
Two-year	0.11833492	0.39447939	39100	0.15597521	81700
Two-year	0.13053367	0.56228483	35900	0.12547563	57900
Four-year	0.098058008	0.52343291	53700	0.30038503	72300
Four-year	0.096953444	0.56936604	39700	0.1581981	78400
Four-year	0.12179294	0.38526481	31800	0.13195425	23900
Four-year	0.06726969	0.63464087	83100	0.5745883	126000
Four-year	0.11823582	0.52660525	43100	0.21250486	53900
Four-year	0.082972862	0.54960293	45000	0.19058308	87300
Four-year	0.046834193	0.64008731	73900	0.50077319	91700
Four-year	0.043666646	0.74013734	64400	0.52099305	91300
Four-year	0.12616648	0.65357649	34500	0.1117912	67500
Two-year	0.17846133	0.44128573	33900	0.11450441	71200
Two-year	0.14348003	0.24544249	33200	0.13015045	43000
Two-year	0.12910806	0.4241651	29800	0.072908275	61000
Two-year	0.16853888	0.53796744	20800	0.043038625	38400
Two-year	0.13591816	0.29688042	30100	0.09482348	43300
Two-year	0.25569323	0.80967766	35900	0	83900
Four-year	0.079560235	0.59600896	39200	0.13787399	73700
Four-year	0.12482382	0.71113503	40200	0.19250613	92200
Four-year	0.09686403	0.52606511	50600	0.18686977	85200
Four-year	0.10824996	0.5003866	62100	0.43610975	142500
Two-year	0.11055975	0.51021594	33600	0.080157541	72700
Four-year	0.076754622	0.59349805	73600	0.5035007	156100
Four-year	0.096743263	0.5805968	43000	0.18071833	86600
Four-year	0.11093121	0.44745073	35500	0.18326478	93200
Four-year	0.09234079	0.49164632	47500	0.27295357	86900
Four-year	0.096204638	0.60270417	53300	0.32180685	112200
Two-year	0.16799155	0.28073353	26000	0.022348018	38400
Two-year	0.11905865	0.46854991	32500	0.10365845	61100
Four-year	0.07469786	0.62716591	76100	0.51817709	151000
Four-year	0.10031679	0.59193456	48200	0.26240528	72400
Two-year	0.13838662	0.3888644	33100	0.097449251	64600
Two-year	0.10809986	0.48989117	33300	0.086981259	69900
Four-year	0.1447937	0.54493582	52900	0.49148786	126300
Less than Two-year	0.15038896	0.32981238	38300	0.16600493	56900
Four-year	0.13123362	0.69769478	42900	0.24581137	83700
Two-year	0.11883485	0.40488219	34100	0.10028871	83300
Two-year	0.14268774	0.47923154	33700	0.16656302	41000
Four-year	0.1076339	0.59183782	49200	0.36357144	98300
Two-year	0.10585349	0.49876115	41000	0.25422829	55800
Four-year	0.073368736	0.57570136	43200	0.23564017	94200
Less than Two-year	0.28499666	0.22928773	17200	0.040447436	43000
Four-year	0.11239245	0.77539432	41100	0.20564334	88100
Four-year	0.085033141	0.50037467	36500	0.10033164	68500
Four-year	0.087320551	0.62066227	38900	0.14668319	68800
Four-year	0.14019054	0.46646923	35400	0.12219153	66400
Two-year	0.13169186	0.26289353	24900	0.04138238	33200
Four-year	0.13970599	0.44264865	48400	0.2886385	73500
Four-year	0.09569294	0.68752855	38300	0.16946182	61400
Two-year	0.14348614	0.44440433	29000	0.040103864	53500
Two-year	0.13961747	0.54556483	29400	0.066552371	62200
Four-year	0.10915235	0.78031665	37400	0.16606449	77100
Four-year	0.14260614	0.66848719	34800	0.12540379	77600
Two-year	0.1586252	0.28508392	33000	0.11805481	43600
Four-year	0.1989979	0.34217453	26300	0.088999189	43500
Two-year	0.11652521	0.60391819	32400	0.12637995	57000
Two-year	0.1195312	0.51841706	35000	0.083478376	80700
Four-year	0.082103319	0.5090788	38100	0.13718484	60200
Four-year	0.12419184	0.53231281	34200	0.12319188	61700
Two-year	0.15973458	0.47287187	43000	0.16718718	97300
Two-year	0.084945902	0.58834541	35800	0.17576715	73100
Four-year	0.14276959	0.57968891	36100	0.069101878	63400
Four-year	0.06395945	0.64348096	64000	0.39321911	141200
Four-year	0.081358477	0.4769223	41800	0.32175684	74900
Four-year	0.091681443	0.55707496	48500	0.31521225	96300
Two-year	0.14609478	0.3106795	28500	0.044948645	59700
Two-year	0.076777562	0.54036045	35800	0.18335132	54600
Less than Two-year	0.14944576	0.5279699	25800	0.074025653	83400
Four-year	0.11281614	0.37206349	41400	0.24162361	103100
Four-year	0.098946437	0.51727587	61200	0.39170805	97400
Four-year	0.11245265	0.76722729	45300	0.23263928	91700
Four-year	0.079121113	0.43997833	34900	0.17699276	65600
Two-year	0.13832845	0.42403993	28900	0.041386791	63000
Two-year	0.078561366	0.59211111	35000	0.16151233	66900
Two-year	0.10825983	0.46019703	32800	0.086848177	66500
Four-year	0.14075758	0.49788338	51900	0.34696299	52200
Four-year	0.18892357	0.29726502	32500	0.078499854	55000
Two-year	0.15122947	0.5520947	28400	0.083269887	60200
Two-year	0.10483681	0.55514187	33800	0.089367919	74000
Four-year	0.093431465	0.58511174	45700	0.27556312	65300
Four-year	0.12142621	0.19834816	30200	0.094543867	37800
Two-year	0.14313796	0.49538848	30600	0.094187774	61800
Two-year	0.15144555	0.65635186	30700	0.080498457	57900
Two-year	0.17985763	0.34701747	30300	0.0885344	56400
Two-year	0.12304481	0.49861491	40200	0.11049942	90200
Four-year	0.11539666	0.60041434	36800	0.1448271	75600
Less than Two-year	0.22634135	0.5335536	28200	0.080230542	29800
Two-year	0.18679631	0.20625438	26800	0.038990378	27700
Four-year	0.080001302	0.65741366	59000	0.2847926	101500
Four-year	0.086906083	0.70293367	41200	0.14889069	79300
Less than Two-year	0.13685492	0.43267623	43600	0.29576513	76800
Two-year	0.10686057	0.45355228	30000	0.020443264	45200
Four-year	0.06426698	0.65604329	49000	0.3462553	85300
Two-year	0.17270859	0.40158218	32800	0.12801845	55000
Two-year	0.14304137	0.43662894	31000	0.071239419	64500
Four-year	0.076739147	0.21273299	36700	0.1388679	38600
Four-year	0.11421985	0.73554587	52700	0.29336682	132100
Two-year	0.12352073	0.47900203	31900	0.09355627	54700
Four-year	0.0685056	0.65008473	40100	0.13288739	78200
Four-year	0.12876008	0.57924396	41600	0.21063608	88400
Four-year	0.081191033	0.59613645	56600	0.33165863	96000
Four-year	0.10250326	0.39761055	46500	0.29949805	36600
Four-year	0.15819143	0.59509158	38900	0.077785507	55900
Four-year	0.053146355	0.54957736	52600	0.4086175	89100
Four-year	0.10101984	0.59389329	45600	0.27209076	88900
Two-year	0.090386868	0.56928807	38700	0.15097839	68500
Four-year	0.092579134	0.47447142	50400	0.35593599	82700
Two-year	0.12219057	0.45359692	37900	0.1705123	80200
Two-year	0.17611048	0.3746646	29700	0.098390877	64600
Four-year	0.065013565	0.68649191	48600	0.21879037	106700
Two-year	0.13516341	0.53435147	30600	0.054994881	55200
Two-year	0.11351752	0.40728205	36200	0.19706888	57200
Four-year	0.090420857	0.25008073	38600	0.22484525	40800
Four-year	0.090804234	0.55509168	63400	0.47676829	91800
Two-year	0.19386232	0.26654708	24700	0.006443612	45500
Four-year	0.11448283	0.5757243	34900	0.13825029	66000
Four-year	0.1184545	0.27062157	40300	0.22242035	36500
Four-year	0.061846592	0.71513873	48300	0.16568851	107800
Four-year	0.27070779	0.84456772	53900	0.29567873	119600
Four-year	0.092805102	0.51905644	37700	0.089701742	62600
Four-year	0.11225234	0.66209108	43100	0.22030519	84500
Four-year	0.082887441	0.64363998	42200	0.12651467	73100
Four-year	0.12633878	0.5363065	38400	0.20681213	84400
Two-year	0.079555348	0.60864645	34100	0.11282149	67700
Four-year	0.10071619	0.52136064	64100	0.36376554	135700
Four-year	0.12037602	0.48153365	34800	0.13749084	62900
Four-year	0.10279243	0.4937464	48700	0.31238103	65700
Two-year	0.14672659	0.4308928	32100	0.10296646	41400
Four-year	0.087442137	0.54325742	40600	0.15412568	91500
Four-year	0.086356618	0.62545288	49800	0.29844391	82100
Four-year	0.11184252	0.34229666	33800	0.11260822	44800


